# Time-averaged data for fix 41
# TimeStep Number-of-rows
# Row c_rdf1[1] c_rdf1[2] c_rdf1[3]
2000 1000
1 0.0031825 0 0
2 0.0095475 0 0
3 0.0159125 0 0
4 0.0222775 0 0
5 0.0286425 0 0
6 0.0350075 0 0
7 0.0413725 0 0
8 0.0477375 0 0
9 0.0541025 0 0
10 0.0604675 0 0
11 0.0668325 0 0
12 0.0731975 0 0
13 0.0795625 0 0
14 0.0859275 0 0
15 0.0922925 0 0
16 0.0986575 0 0
17 0.105022 0 0
18 0.111387 0 0
19 0.117752 0 0
20 0.124118 0 0
21 0.130482 0 0
22 0.136848 0 0
23 0.143213 0 0
24 0.149577 0 0
25 0.155943 0 0
26 0.162308 0 0
27 0.168672 0 0
28 0.175038 0 0
29 0.181403 0 0
30 0.187767 0 0
31 0.194132 0 0
32 0.200498 0 0
33 0.206862 0 0
34 0.213227 0 0
35 0.219592 0 0
36 0.225957 0 0
37 0.232322 0 0
38 0.238688 0 0
39 0.245052 0 0
40 0.251417 0 0
41 0.257783 0 0
42 0.264147 0 0
43 0.270512 0 0
44 0.276878 0 0
45 0.283243 0 0
46 0.289607 0 0
47 0.295973 0 0
48 0.302338 0 0
49 0.308702 0 0
50 0.315068 0 0
51 0.321433 0 0
52 0.327797 0 0
53 0.334163 0 0
54 0.340528 0 0
55 0.346892 0 0
56 0.353258 0 0
57 0.359623 0 0
58 0.365987 0 0
59 0.372353 0 0
60 0.378718 0 0
61 0.385083 0 0
62 0.391448 0 0
63 0.397813 0 0
64 0.404178 0 0
65 0.410542 0 0
66 0.416908 0 0
67 0.423273 0 0
68 0.429637 0 0
69 0.436003 0 0
70 0.442368 0 0
71 0.448732 0 0
72 0.455098 0 0
73 0.461463 0 0
74 0.467827 0 0
75 0.474193 0 0
76 0.480558 0 0
77 0.486922 0 0
78 0.493288 0 0
79 0.499653 0 0
80 0.506017 0 0
81 0.512383 0 0
82 0.518748 0 0
83 0.525112 0 0
84 0.531478 0 0
85 0.537842 0 0
86 0.544207 0 0
87 0.550573 0 0
88 0.556937 0 0
89 0.563302 0 0
90 0.569668 0 0
91 0.576032 0 0
92 0.582397 0 0
93 0.588763 0 0
94 0.595127 0 0
95 0.601492 0 0
96 0.607858 0 0
97 0.614222 0 0
98 0.620587 0 0
99 0.626953 0 0
100 0.633317 0 0
101 0.639682 0 0
102 0.646048 0 0
103 0.652412 0 0
104 0.658777 0 0
105 0.665143 0 0
106 0.671507 0 0
107 0.677872 0 0
108 0.684238 0 0
109 0.690602 0 0
110 0.696967 0 0
111 0.703333 0 0
112 0.709697 0 0
113 0.716063 0 0
114 0.722428 0 0
115 0.728792 0 0
116 0.735157 0 0
117 0.741523 0 0
118 0.747887 0 0
119 0.754253 0 0
120 0.760617 0 0
121 0.766982 0 0
122 0.773347 0 0
123 0.779713 0 0
124 0.786077 0 0
125 0.792443 0 0
126 0.798807 0 0
127 0.805172 0 0
128 0.811538 0 0
129 0.817903 0 0
130 0.824268 0 0
131 0.830632 0 0
132 0.836997 0 0
133 0.843362 0 0
134 0.849728 0 0
135 0.856093 0 0
136 0.862458 0 0
137 0.868822 0 0
138 0.875187 0 0
139 0.881552 0 0
140 0.887918 0 0
141 0.894283 0 0
142 0.900648 0 0
143 0.907012 0 0
144 0.913377 0 0
145 0.919742 0 0
146 0.926108 0 0
147 0.932473 0 0
148 0.938838 0 0
149 0.945202 0 0
150 0.951567 0 0
151 0.957932 0 0
152 0.964298 0 0
153 0.970663 0 0
154 0.977028 0 0
155 0.983392 0 0
156 0.989757 0 0
157 0.996122 0 0
158 1.00249 0 0
159 1.00885 0 0
160 1.01522 0 0
161 1.02158 0 0
162 1.02795 0 0
163 1.03431 0 0
164 1.04068 0 0
165 1.04704 0 0
166 1.05341 0 0
167 1.05977 0 0
168 1.06614 0 0
169 1.0725 0 0
170 1.07887 0 0
171 1.08523 0 0
172 1.0916 0 0
173 1.09796 0 0
174 1.10433 0 0
175 1.11069 0 0
176 1.11706 0 0
177 1.12342 0 0
178 1.12979 0 0
179 1.13615 0 0
180 1.14252 0 0
181 1.14888 0 0
182 1.15525 0 0
183 1.16161 0 0
184 1.16798 0 0
185 1.17434 0 0
186 1.18071 0 0
187 1.18707 0 0
188 1.19344 0 0
189 1.1998 0 0
190 1.20617 0 0
191 1.21253 0 0
192 1.2189 0 0
193 1.22526 0 0
194 1.23163 0 0
195 1.23799 0 0
196 1.24436 0 0
197 1.25072 0 0
198 1.25709 0 0
199 1.26345 0 0
200 1.26982 0 0
201 1.27618 0 0
202 1.28255 0 0
203 1.28891 0 0
204 1.29528 0 0
205 1.30164 0 0
206 1.30801 0 0
207 1.31437 0 0
208 1.32074 0 0
209 1.3271 0 0
210 1.33347 0 0
211 1.33983 0 0
212 1.3462 0 0
213 1.35256 0 0
214 1.35893 0 0
215 1.36529 0 0
216 1.37166 0 0
217 1.37802 0 0
218 1.38439 0 0
219 1.39075 0 0
220 1.39712 0 0
221 1.40348 0 0
222 1.40985 0 0
223 1.41621 0 0
224 1.42258 0 0
225 1.42894 0 0
226 1.43531 0 0
227 1.44167 0 0
228 1.44804 0 0
229 1.4544 0 0
230 1.46077 0 0
231 1.46713 0 0
232 1.4735 0 0
233 1.47986 0 0
234 1.48623 0 0
235 1.49259 0 0
236 1.49896 0 0
237 1.50532 0 0
238 1.51169 0 0
239 1.51805 0 0
240 1.52442 0 0
241 1.53078 0 0
242 1.53715 0 0
243 1.54351 0 0
244 1.54988 0 0
245 1.55624 0 0
246 1.56261 0 0
247 1.56897 0 0
248 1.57534 0 0
249 1.5817 0 0
250 1.58807 0 0
251 1.59443 0 0
252 1.6008 0 0
253 1.60716 0 0
254 1.61353 0 0
255 1.61989 0 0
256 1.62626 0 0
257 1.63262 0 0
258 1.63899 0 0
259 1.64535 0 0
260 1.65172 0 0
261 1.65808 0 0
262 1.66445 0 0
263 1.67081 0 0
264 1.67718 0 0
265 1.68354 0 0
266 1.68991 0 0
267 1.69627 0 0
268 1.70264 0 0
269 1.709 0 0
270 1.71537 0 0
271 1.72173 0 0
272 1.7281 0 0
273 1.73446 0 0
274 1.74083 0 0
275 1.74719 0 0
276 1.75356 0 0
277 1.75992 0 0
278 1.76629 0 0
279 1.77265 0 0
280 1.77902 0 0
281 1.78538 0 0
282 1.79175 0 0
283 1.79811 0 0
284 1.80448 0 0
285 1.81084 0 0
286 1.81721 0 0
287 1.82357 0 0
288 1.82994 0 0
289 1.8363 0 0
290 1.84267 0 0
291 1.84903 0 0
292 1.8554 0 0
293 1.86176 0 0
294 1.86813 0 0
295 1.87449 0 0
296 1.88086 0 0
297 1.88722 0 0
298 1.89359 0 0
299 1.89995 0 0
300 1.90632 0 0
301 1.91268 0 0
302 1.91905 0 0
303 1.92541 0 0
304 1.93178 0 0
305 1.93814 0 0
306 1.94451 0 0
307 1.95087 0 0
308 1.95724 0 0
309 1.9636 0 0
310 1.96997 0 0
311 1.97633 0 0
312 1.9827 0 0
313 1.98906 0 0
314 1.99543 0 0
315 2.00179 0 0
316 2.00816 0 0
317 2.01452 0 0
318 2.02089 0 0
319 2.02725 0 0
320 2.03362 0 0
321 2.03998 0 0
322 2.04635 0 0
323 2.05271 0 0
324 2.05908 0 0
325 2.06544 0 0
326 2.07181 0 0
327 2.07817 0 0
328 2.08454 0 0
329 2.0909 0 0
330 2.09727 0 0
331 2.10363 0 0
332 2.11 0 0
333 2.11636 0 0
334 2.12273 0 0
335 2.12909 0 0
336 2.13546 0 0
337 2.14182 0 0
338 2.14819 0 0
339 2.15455 0 0
340 2.16092 0 0
341 2.16728 0 0
342 2.17365 0 0
343 2.18001 0 0
344 2.18638 0 0
345 2.19274 0 0
346 2.19911 0 0
347 2.20547 0 0
348 2.21184 0 0
349 2.2182 0 0
350 2.22457 0 0
351 2.23093 0 0
352 2.2373 0 0
353 2.24366 0 0
354 2.25003 0 0
355 2.25639 0 0
356 2.26276 0 0
357 2.26912 0 0
358 2.27549 0 0
359 2.28185 0 0
360 2.28822 0 0
361 2.29458 0 0
362 2.30095 0 0
363 2.30731 0 0
364 2.31368 0 0
365 2.32004 0 0
366 2.32641 0 0
367 2.33277 0 0
368 2.33914 0 0
369 2.3455 0 0
370 2.35187 0 0
371 2.35823 0 0
372 2.3646 0 0
373 2.37096 0 0
374 2.37733 0 0
375 2.38369 0 0
376 2.39006 0 0
377 2.39642 0 0
378 2.40279 0 0
379 2.40915 0 0
380 2.41552 0 0
381 2.42188 0 0
382 2.42825 0 0
383 2.43461 0 0
384 2.44098 0 0
385 2.44734 0 0
386 2.45371 0 0
387 2.46007 0 0
388 2.46644 0.017145 0.0005
389 2.4728 0 0.0005
390 2.47917 0 0.0005
391 2.48553 0 0.0005
392 2.4919 0.0167965 0.001
393 2.49826 0 0.001
394 2.50463 0 0.001
395 2.51099 0 0.001
396 2.51736 0.0164585 0.0015
397 2.52372 0 0.0015
398 2.53009 0 0.0015
399 2.53645 0.0324232 0.0025
400 2.54282 0 0.0025
401 2.54918 0.0481502 0.004
402 2.55555 0.0479107 0.0055
403 2.56191 0.0794548 0.008
404 2.56828 0.0790615 0.0105
405 2.57464 0.0629369 0.0125
406 2.58101 0.203537 0.019
407 2.58737 0.140218 0.0235
408 2.59374 0.201544 0.03
409 2.6001 0.215986 0.037
410 2.60647 0.307047 0.047
411 2.61283 0.381941 0.0595
412 2.6192 0.410493 0.073
413 2.62556 0.378246 0.0855
414 2.63193 0.511929 0.1025
415 2.63829 0.509462 0.1195
416 2.64466 1.01403 0.1535
417 2.65102 0.934959 0.185
418 2.65739 1.03387 0.22
419 2.66375 1.46991 0.27
420 2.67012 1.47754 0.3205
421 2.67648 1.63068 0.3765
422 2.68285 1.86929 0.441
423 2.68921 2.40849 0.5245
424 2.69558 2.41149 0.6085
425 2.70194 2.34299 0.6905
426 2.70831 2.84389 0.7905
427 2.71467 3.15609 0.902
428 2.72104 3.23995 1.017
429 2.7274 3.63145 1.1465
430 2.73377 3.32149 1.2655
431 2.74013 4.91744 1.4425
432 2.7465 3.77471 1.579
433 2.75286 4.88583 1.7565
434 2.75923 4.69892 1.928
435 2.76559 5.07277 2.114
436 2.77196 5.17167 2.3045
437 2.77832 6.29651 2.5375
438 2.78469 6.05255 2.7625
439 2.79105 6.45342 3.0035
440 2.79742 6.3841 3.243
441 2.80378 6.56743 3.4905
442 2.81015 6.84149 3.7495
443 2.81651 6.86319 4.0105
444 2.82288 7.22494 4.2865
445 2.82924 6.35856 4.5305
446 2.83561 6.92673 4.7975
447 2.84197 6.63747 5.0545
448 2.84834 7.36632 5.341
449 2.8547 7.12873 5.6195
450 2.86107 6.84222 5.888
451 2.86743 6.69771 6.152
452 2.8738 6.024 6.3905
453 2.88016 6.83981 6.6625
454 2.88653 6.5468 6.924
455 2.89289 6.74236 7.1945
456 2.89926 5.88144 7.4315
457 2.90562 5.89276 7.67
458 2.91199 5.75633 7.904
459 2.91835 5.52306 8.1295
460 2.92472 5.25519 8.345
461 2.93108 5.18383 8.5585
462 2.93745 5.20974 8.774
463 2.94381 4.92246 8.9785
464 2.95018 4.66157 9.173
465 2.95654 4.42675 9.3585
466 2.96291 4.2533 9.5375
467 2.96927 4.43619 9.725
468 2.97564 3.96962 9.8935
469 2.982 3.7533 10.0535
470 2.98837 3.09497 10.186
471 2.99473 3.05857 10.3175
472 3.0011 2.92981 10.444
473 3.00746 2.88283 10.569
474 3.01383 2.75584 10.689
475 3.02019 2.59559 10.8025
476 3.02656 2.14062 10.8965
477 3.03292 2.07495 10.988
478 3.03929 1.98723 11.076
479 3.04565 1.68659 11.151
480 3.05202 1.69076 11.2265
481 3.05838 1.75063 11.305
482 3.06475 1.44355 11.37
483 3.07111 1.50393 11.438
484 3.07748 0.969107 11.482
485 3.08384 1.25026 11.539
486 3.09021 0.961139 11.583
487 3.09657 0.978947 11.628
488 3.10294 0.74745 11.6625
489 3.1093 0.787546 11.699
490 3.11567 0.547958 11.7245
491 3.12203 0.759736 11.76
492 3.1284 0.53285 11.785
493 3.13476 0.530689 11.81
494 3.14113 0.443974 11.831
495 3.14749 0.305315 11.8455
496 3.15386 0.293598 11.8595
497 3.16022 0.386407 11.878
498 3.16659 0.384856 11.8965
499 3.17295 0.186477 11.9055
500 3.17932 0.165094 11.9135
501 3.18568 0.184989 11.9225
502 3.19205 0.112599 11.928
503 3.19841 0.18352 11.937
504 3.20478 0.121861 11.943
505 3.21114 0.111263 11.9485
506 3.21751 0.120899 11.9545
507 3.22387 0.0602108 11.9575
508 3.23024 0.0599738 11.9605
509 3.2366 0.149345 11.968
510 3.24297 0.0694212 11.9715
511 3.24933 0.0493925 11.974
512 3.2557 0.0295197 11.9755
513 3.26206 0.0196031 11.9765
514 3.26843 0.0585804 11.9795
515 3.27479 0.0583529 11.9825
516 3.28116 0.0290634 11.984
517 3.28752 0.0289509 11.9855
518 3.29389 0.0480653 11.988
519 3.30025 0.0574561 11.991
520 3.30662 0.00953918 11.9915
521 3.31298 0.0190051 11.9925
522 3.31935 0 11.9925
523 3.32571 0.0188599 11.9935
524 3.33208 0.0281819 11.995
525 3.33844 0.00935818 11.9955
526 3.34481 0.00932259 11.996
527 3.35117 0.00928721 11.9965
528 3.35754 0.00925204 11.997
529 3.3639 0.0184341 11.998
530 3.37027 0.0275468 11.9995
531 3.37663 0 11.9995
532 3.383 0 11.9995
533 3.38936 0 11.9995
534 3.39573 0 11.9995
535 3.40209 0 11.9995
536 3.40846 0 11.9995
537 3.41482 0 11.9995
538 3.42119 0 11.9995
539 3.42755 0 11.9995
540 3.43392 0 11.9995
541 3.44028 0 11.9995
542 3.44665 0 11.9995
543 3.45301 0 11.9995
544 3.45938 0 11.9995
545 3.46574 0 11.9995
546 3.47211 0 11.9995
547 3.47847 0 11.9995
548 3.48484 0 11.9995
549 3.4912 0.00855715 12
550 3.49757 0 12
551 3.50393 0.00849508 12.0005
552 3.5103 0 12.0005
553 3.51666 0 12.0005
554 3.52303 0 12.0005
555 3.52939 0 12.0005
556 3.53576 0 12.0005
557 3.54212 0 12.0005
558 3.54849 0 12.0005
559 3.55485 0 12.0005
560 3.56122 0.016448 12.0015
561 3.56758 0.00819466 12.002
562 3.57395 0 12.002
563 3.58031 0 12.002
564 3.58668 0.0162153 12.003
565 3.59304 0 12.003
566 3.59941 0.00805039 12.0035
567 3.60577 0.008022 12.004
568 3.61214 0 12.004
569 3.6185 0 12.004
570 3.62487 0.0079377 12.0045
571 3.63123 0.0316396 12.0065
572 3.6376 0.0236467 12.008
573 3.64396 0.0157095 12.009
574 3.65033 0.0234821 12.0105
575 3.65669 0.0234004 12.012
576 3.66306 0.0233192 12.0135
577 3.66942 0.0387305 12.016
578 3.67579 0.0231579 12.0175
579 3.68215 0.0307706 12.0195
580 3.68852 0.0383306 12.022
581 3.69488 0.0534781 12.0255
582 3.70125 0.0304539 12.0275
583 3.70761 0.0227621 12.029
584 3.71398 0.0302455 12.031
585 3.72034 0.0828907 12.0365
586 3.72671 0.0600784 12.0405
587 3.73307 0.0823264 12.046
588 3.73944 0.126799 12.0545
589 3.7458 0.111501 12.062
590 3.75217 0.096307 12.0685
591 3.75853 0.0738316 12.0735
592 3.7649 0.147164 12.0835
593 3.77126 0.146668 12.0935
594 3.77763 0.182718 12.106
595 3.78399 0.233093 12.122
596 3.79036 0.25409 12.1395
597 3.79672 0.166414 12.151
598 3.80309 0.230758 12.167
599 3.80945 0.294671 12.1875
600 3.81582 0.279363 12.207
601 3.82218 0.321269 12.2295
602 3.82855 0.412704 12.2585
603 3.83491 0.404243 12.287
604 3.84128 0.452384 12.319
605 3.84764 0.309986 12.341
606 3.85401 0.456423 12.3735
607 3.86037 0.454919 12.406
608 3.86674 0.634791 12.4515
609 3.8731 0.54232 12.4905
610 3.87947 0.492032 12.526
611 3.88583 0.635475 12.572
612 3.8922 0.716016 12.624
613 3.89856 0.741129 12.678
614 3.90493 0.745555 12.7325
615 3.91129 0.913573 12.7995
616 3.91766 0.89022 12.865
617 3.92402 0.806052 12.9245
618 3.93039 1.0465 13.002
619 3.93675 0.982552 13.075
620 3.94312 0.95255 13.146
621 3.94948 1.13002 13.2305
622 3.95585 1.01308 13.3065
623 3.96221 1.13606 13.392
624 3.96858 1.3642 13.495
625 3.97494 1.1882 13.585
626 3.98131 1.11202 13.6695
627 3.98767 1.42987 13.7785
628 3.99404 1.31417 13.879
629 4.0004 1.53158 13.9965
630 4.00677 1.3643 14.1015
631 4.01313 1.45712 14.214
632 4.0195 1.40086 14.3225
633 4.02586 1.47366 14.437
634 4.03223 1.53957 14.557
635 4.03859 1.43241 14.669
636 4.04496 1.65101 14.7985
637 4.05132 1.23914 14.896
638 4.05769 1.4443 15.01
639 4.06405 1.55976 15.1335
640 4.07042 1.42898 15.247
641 4.07678 1.27391 15.3485
642 4.08315 1.31374 15.4535
643 4.08951 1.609 15.5825
644 4.09588 1.33667 15.69
645 4.10224 1.22096 15.7885
646 4.10861 1.50758 15.9105
647 4.11497 1.2627 16.013
648 4.12134 1.34477 16.1225
649 4.1277 1.25492 16.225
650 4.13407 1.16562 16.3205
651 4.14043 1.05861 16.4075
652 4.1468 1.0675 16.4955
653 4.15316 1.17307 16.5925
654 4.15953 1.12728 16.686
655 4.16589 0.997634 16.769
656 4.17226 1.03054 16.855
657 4.17862 0.860152 16.927
658 4.18499 0.917089 17.004
659 4.19135 0.872746 17.0775
660 4.19772 0.781316 17.1435
661 4.20408 0.784853 17.21
662 4.21045 0.641282 17.2645
663 4.21681 0.703869 17.3245
664 4.22318 0.602334 17.376
665 4.22954 0.55388 17.4235
666 4.23591 0.523153 17.4685
667 4.24227 0.481017 17.51
668 4.24864 0.508467 17.554
669 4.255 0.374449 17.5865
670 4.26137 0.425023 17.6235
671 4.26773 0.377945 17.6565
672 4.2741 0.399658 17.6915
673 4.28046 0.39847 17.7265
674 4.28683 0.278101 17.751
675 4.29319 0.203714 17.769
676 4.29956 0.299025 17.7955
677 4.30592 0.27564 17.82
678 4.31229 0.190696 17.837
679 4.31865 0.218096 17.8565
680 4.32502 0.122667 17.8675
681 4.33138 0.133425 17.8795
682 4.33775 0.110861 17.8895
683 4.34411 0.149225 17.903
684 4.35048 0.115724 17.9135
685 4.35684 0.0879135 17.9215
686 4.36321 0.0712214 17.928
687 4.36957 0.109252 17.938
688 4.37594 0.0817011 17.9455
689 4.3823 0.0651712 17.9515
690 4.38867 0.0703975 17.958
691 4.39503 0.0755932 17.965
692 4.4014 0.0484552 17.9695
693 4.40776 0.0268419 17.972
694 4.41413 0.053529 17.977
695 4.42049 0.0480375 17.9815
696 4.42686 0.0159665 17.983
697 4.43322 0.0318413 17.986
698 4.43959 0.0105834 17.987
699 4.44595 0.0211062 17.989
700 4.45232 0.0157844 17.9905
701 4.45868 0.00524646 17.991
702 4.46505 0.010463 17.992
703 4.47141 0.0156499 17.9935
704 4.47778 0.0208072 17.9955
705 4.48414 0.0363093 17.999
706 4.49051 0.00517235 17.9995
707 4.49687 0.0103154 18.0005
708 4.50324 0.0102863 18.0015
709 4.5096 0.0205146 18.0035
710 4.51597 0.0153426 18.005
711 4.52233 0.0305989 18.008
712 4.5287 0.0203419 18.01
713 4.53506 0.045641 18.0145
714 4.54143 0.010114 18.0155
715 4.54779 0.0605144 18.0215
716 4.55416 0.0452591 18.026
717 4.56052 0.0250738 18.0285
718 4.56689 0.0200032 18.0305
719 4.57325 0.0498688 18.0355
720 4.57962 0.0248651 18.038
721 4.58598 0.06447 18.0445
722 4.59235 0.0840734 18.053
723 4.59871 0.0887726 18.062
724 4.60508 0.0442637 18.0665
725 4.61144 0.107902 18.0775
726 4.61781 0.117387 18.0895
727 4.62417 0.160963 18.106
728 4.63054 0.16052 18.1225
729 4.6369 0.184335 18.1415
730 4.64327 0.188667 18.161
731 4.64963 0.255692 18.1875
732 4.656 0.216504 18.21
733 4.66236 0.244702 18.2355
734 4.66873 0.224895 18.259
735 4.67509 0.310179 18.2915
736 4.68146 0.333131 18.3265
737 4.68782 0.460372 18.375
738 4.69419 0.501723 18.428
739 4.70055 0.434279 18.474
740 4.70692 0.635535 18.5415
741 4.71328 0.572785 18.6025
742 4.71965 0.674252 18.6745
743 4.72601 0.779841 18.758
744 4.73238 0.936087 18.8585
745 4.73874 0.92893 18.9585
746 4.74511 0.926439 19.0585
747 4.75147 1.07641 19.175
748 4.75784 1.18411 19.3035
749 4.7642 1.23609 19.438
750 4.77057 1.43903 19.595
751 4.77693 1.49918 19.759
752 4.7833 1.6821 19.9435
753 4.78966 1.68217 20.1285
754 4.79603 1.782 20.325
755 4.80239 1.62804 20.505
756 4.80876 1.85828 20.711
757 4.81512 2.27622 20.964
758 4.82149 2.11319 21.1995
759 4.82785 2.25529 21.4515
760 4.83422 2.47696 21.729
761 4.84058 2.50161 22.01
762 4.84695 2.69927 22.314
763 4.85331 2.88259 22.6395
764 4.85968 2.78672 22.955
765 4.86604 3.08777 23.3055
766 4.87241 3.25544 23.676
767 4.87877 2.99719 24.018
768 4.88514 3.26035 24.391
769 4.8915 3.46111 24.788
770 4.89787 3.54777 25.196
771 4.90423 3.89849 25.6455
772 4.9106 3.79324 26.084
773 4.91696 3.73165 26.5165
774 4.92333 3.65317 26.941
775 4.92969 3.57507 27.3575
776 4.93606 3.98965 27.8235
777 4.94242 3.82994 28.272
778 4.94879 3.84565 28.7235
779 4.95515 3.90374 29.183
780 4.96152 4.0166 29.657
781 4.96788 3.87953 30.116
782 4.97425 3.81481 30.5685
783 4.98061 3.72518 31.0115
784 4.98698 3.68213 31.4505
785 4.99334 3.81079 31.906
786 4.99971 3.86368 32.369
787 5.00607 3.67906 32.811
788 5.01244 3.70709 33.2575
789 5.0188 3.42854 33.6715
790 5.02517 3.40747 34.084
791 5.03153 3.27114 34.481
792 5.0379 3.44369 34.9
793 5.04426 3.0251 35.269
794 5.05063 3.06655 35.644
795 5.05699 2.96095 36.007
796 5.06336 2.72162 36.3415
797 5.06972 2.80813 36.6875
798 5.07609 2.56632 37.0045
799 5.08245 2.40242 37.302
800 5.08882 2.52933 37.616
801 5.09518 2.4507 37.921
802 5.10155 2.21215 38.197
803 5.10791 2.15467 38.4665
804 5.11428 2.10944 38.731
805 5.12064 1.87747 38.967
806 5.12701 1.62284 39.1715
807 5.13337 1.57528 39.3705
808 5.13974 1.7372 39.5905
809 5.1461 1.66989 39.8025
810 5.15247 1.27683 39.965
811 5.15883 1.29327 40.13
812 5.1652 1.21581 40.2855
813 5.17156 1.07633 40.4235
814 5.17793 1.07368 40.5615
815 5.18429 1.04388 40.696
816 5.19066 0.967775 40.821
817 5.19702 0.845696 40.9305
818 5.20339 0.735767 41.026
819 5.20975 0.730127 41.121
820 5.21612 0.651678 41.206
821 5.22248 0.581258 41.282
822 5.22885 0.537881 41.3525
823 5.23521 0.589851 41.43
824 5.24158 0.387218 41.481
825 5.24794 0.401427 41.534
826 5.25431 0.404233 41.5875
827 5.26067 0.312806 41.629
828 5.26704 0.327089 41.6725
829 5.2734 0.247538 41.7055
830 5.27977 0.246941 41.7385
831 5.28613 0.197824 41.765
832 5.2925 0.23086 41.796
833 5.29886 0.219162 41.8255
834 5.30523 0.140817 41.8445
835 5.31159 0.15157 41.865
836 5.31796 0.132768 41.883
837 5.32432 0.103017 41.897
838 5.33069 0.110112 41.912
839 5.33705 0.131819 41.93
840 5.34342 0.0840173 41.9415
841 5.34978 0.0838175 41.953
842 5.35615 0.087254 41.965
843 5.36251 0.087047 41.977
844 5.36888 0.0615122 41.9855
845 5.37524 0.0577568 41.9935
846 5.38161 0.0504177 42.0005
847 5.38797 0.0646697 42.0095
848 5.39434 0.0573486 42.0175
849 5.4007 0.0822444 42.029
850 5.40707 0.0856183 42.041
851 5.41343 0.0676219 42.0505
852 5.4198 0.0994194 42.0645
853 5.42616 0.0743897 42.075
854 5.43253 0.102488 42.0895
855 5.43889 0.105774 42.1045
856 5.44526 0.105527 42.1195
857 5.45162 0.140374 42.1395
858 5.45799 0.196066 42.1675
859 5.46435 0.213075 42.198
860 5.47072 0.209094 42.228
861 5.47708 0.25033 42.264
862 5.48345 0.260155 42.3015
863 5.48981 0.266474 42.34
864 5.49618 0.317647 42.386
865 5.50254 0.399586 42.444
866 5.50891 0.378043 42.499
867 5.51527 0.342882 42.549
868 5.52164 0.420774 42.6105
869 5.528 0.464175 42.6785
870 5.53437 0.531212 42.7565
871 5.54073 0.475634 42.8265
872 5.5471 0.518608 42.903
873 5.55346 0.683129 43.004
874 5.55983 0.570221 43.0885
875 5.56619 0.626146 43.1815
876 5.57256 0.738912 43.2915
877 5.57892 0.690312 43.3945
878 5.58529 0.86594 43.524
879 5.59165 0.924014 43.6625
880 5.59802 0.845365 43.7895
881 5.60438 0.986234 43.938
882 5.61075 0.917735 44.0765
883 5.61711 0.961935 44.222
884 5.62348 1.09168 44.3875
885 5.62984 1.14187 44.561
886 5.63621 1.13929 44.7345
887 5.64257 1.27103 44.9285
888 5.64894 1.30739 45.1285
889 5.6553 1.25879 45.3215
890 5.66167 1.35033 45.529
891 5.66803 1.22717 45.718
892 5.6744 1.33132 45.9235
893 5.68076 1.38005 46.137
894 5.68713 1.39953 46.354
895 5.69349 1.40606 46.5725
896 5.69986 1.49281 46.805
897 5.70622 1.47987 47.036
898 5.71259 1.38389 47.2525
899 5.71895 1.43502 47.4775
900 5.72532 1.4732 47.709
901 5.73168 1.5366 47.951
902 5.73805 1.51418 48.19
903 5.74441 1.2801 48.3925
904 5.75078 1.40657 48.6155
905 5.75714 1.34367 48.829
906 5.76351 1.39722 49.0515
907 5.76987 1.37848 49.2715
908 5.77624 1.33168 49.4845
909 5.7826 1.4192 49.712
910 5.78897 1.31026 49.9225
911 5.79533 1.28565 50.1295
912 5.8017 1.24565 50.3305
913 5.80806 1.08833 50.5065
914 5.81443 1.03658 50.6745
915 5.82079 1.19747 50.869
916 5.82716 1.15185 51.0565
917 5.83352 1.05433 51.2285
918 5.83989 1.02451 51.396
919 5.84625 0.89106 51.542
920 5.85262 0.953066 51.6985
921 5.85898 0.823387 51.834
922 5.86535 0.951966 51.991
923 5.87171 0.789569 52.1215
924 5.87808 0.818046 52.257
925 5.88444 0.71989 52.3765
926 5.89081 0.676257 52.489
927 5.89717 0.686795 52.6035
928 5.90354 0.592543 52.7025
929 5.9099 0.618143 52.806
930 5.91627 0.637672 52.913
931 5.92263 0.556021 53.0065
932 5.929 0.551861 53.0995
933 5.93536 0.361197 53.1605
934 5.94173 0.446098 53.236
935 5.94809 0.400925 53.304
936 5.95446 0.364768 53.366
937 5.96082 0.334635 53.423
938 5.96719 0.298772 53.474
939 5.97355 0.327365 53.53
940 5.97992 0.277085 53.5775
941 5.98628 0.285227 53.6265
942 5.99265 0.275909 53.674
943 5.99901 0.199972 53.7085
944 6.00538 0.205332 53.744
945 6.01174 0.2453 53.7865
946 6.01811 0.198705 53.821
947 6.02447 0.149432 53.847
948 6.03084 0.21794 53.885
949 6.0372 0.128772 53.9075
950 6.04357 0.194179 53.9415
951 6.04993 0.151027 53.968
952 6.0563 0.19052 54.0015
953 6.06266 0.173094 54.032
954 6.06903 0.150078 54.0585
955 6.07539 0.183672 54.091
956 6.08176 0.205847 54.1275
957 6.08812 0.205416 54.164
958 6.09449 0.182523 54.1965
959 6.10085 0.193351 54.231
960 6.10722 0.234894 54.273
961 6.11358 0.270682 54.3215
962 6.11995 0.278473 54.3715
963 6.12631 0.252885 54.417
964 6.13268 0.31337 54.4735
965 6.13904 0.343162 54.5355
966 6.14541 0.309311 54.5915
967 6.15177 0.396863 54.6635
968 6.15814 0.45105 54.7455
969 6.1645 0.47482 54.832
970 6.17087 0.468363 54.9175
971 6.17723 0.497465 55.0085
972 6.1836 0.512808 55.1025
973 6.18996 0.58525 55.21
974 6.19633 0.72259 55.343
975 6.20269 0.718397 55.4755
976 6.20906 0.803497 55.624
977 6.21542 0.82885 55.7775
978 6.22179 0.832544 55.932
979 6.22815 1.00562 56.119
980 6.23452 0.925747 56.2915
981 6.24088 1.03633 56.485
982 6.24725 1.11974 56.6945
983 6.25361 1.1788 56.9155
984 6.25998 1.30416 57.1605
985 6.26634 1.28292 57.402
986 6.27271 1.34923 57.6565
987 6.27907 1.44173 57.929
988 6.28544 1.44409 58.2025
989 6.2918 1.69937 58.525
990 6.29817 1.55132 58.82
991 6.30453 1.67152 59.1385
992 6.3109 1.66815 59.457
993 6.31726 1.77456 59.7965
994 6.32363 1.85185 60.1515
995 6.32999 1.9106 60.5185
996 6.33636 2.01327 60.906
997 6.34272 2.10775 61.3125
998 6.34909 2.13716 61.7255
999 6.35545 2.02959 62.1185
1000 6.36182 2.10542 62.527
